Palette: 12301
AmbientSounds: SPOT><AM_IND-50hz.ogg><715.1944><339.7178><0.3144027><1><193.4611><482.7366><89.86136><0.2176208><0.01546644><0.3474619, 
FadePalette: 10, 0
