Clouds: 0.2502153
Grime: 0.3022418
BkgDroneVolume: 0.3913043
RandomItemSpearChance: 0.1021738
Effects: LightBurn-0.03093255-34.22916-94.70315, Brightness-0.02319966-32.09479-32.0948, 
PlacedObjects: LightBeam><1519.617><93.56595><441.8158~340.2354~496.0447~342.3698~684.5813~7.826019~135.1771~-85.37498~0.1680019~0.2397302~0~0~None~0~0, LightBeam><-87.46981><137.6439><470.9854~303.2395~527.3489~300.3937~735.8062~-66.16562~-7.114563~95.33545~0.06747105~0.2242642~0~0~None~0~0, 
AmbientSounds: SPOT><AM_IND-Welder.ogg><164.1505><391.5394><0.3066691><1><416.1047><439.7248><-63.81369><-85.8689><0.02319966><0.2082659, SPOT><AM_IND-Welder.ogg><463.6362><451.889><0.3066691><1><1991.148><435.9088><-80.17719><-70.92828><0><0.2082659, 
FadePalette: 14, 0, 0
