Clouds: 0.3043478
Grime: 0.1630435
BkgDroneVolume: 0.3913043
RandomItemSpearChance: 0.1021738
EffectColorB: 21
Effects: LightBurn-1-25-84, Brightness-0-334-107, 
PlacedObjects: LightBeam><44.1597><101.3796><342~338~396~337~835~-50~24~342~0.423913~0.1413043~0.3152174~0~None~0~0, LightBeam><1622.708><67.55432><337~370~390~370~627~44~-369~153~0.421739~0.1413043~0.3152174~0~None~0~0, 
AmbientSounds: SPOT><AM_IND-Welder.ogg><43.41377><378.1352><0.423913><1.03913><411.4138><390.1352><-6.355347><-139.3553><0><0.1978261, SPOT><AM_IND-Welder.ogg><395.3487><415.6308><0.423913><1.03913><1989.349><395.6308><-81.35535><-118.3553><0><0.1978262, 
FadePalette: 14, 0.3043478, 0.3043478
