Clouds: 0.3043478
Grime: 0.1630435
BkgDroneVolume: 0.3913043
RandomItemSpearChance: 0.1021738
FadePalette: 14, 0, 0
