AW_reception: 19.66663><-7.166687><-2.833345><-19.16666><0><><48><35
GATE_HI_AW: -202.3334><-7.166687><-2.833345><-19.16666><1><><48><35
AW_R01: 122.6666><84.83331><-10.83334><142.8333><1><><120><78
AW_R02: 485.6666><16.83331><173.1667><-25.16666><1><><120><35
AW_01_test: 37.66663><-221.1667><-153.8333><-60.16665><1><><52><35
OffScreenDen_AW: -463.3334><133.8333><-2.833345><-19.16666><1><><0><0
Connection: AW_reception,AW_R01,0,0,0,0,0,0
Connection: AW_reception,GATE_HI_AW,0,0,0,0,0,0
Connection: AW_R01,AW_R02,0,0,0,0,0,0
